-6.2101 -3.2546
-0.95681 -1.9412
-3.1064 -1.169
0.96301 -4.6511
-1.8924 -5.7995
-2.3992 -4.1451
-1.2933 -6.6909
-4.5876 -4.964
-1.0152 -10.129
-2.6159 -3.6982
-4.1338 -2.176
-1.2391 -9.3423
-3.6079 -0.88459
0.78334 -6.0353
-4.8825 -2.6594
-1.6117 -6.9604
-1.4466 -3.6574
-1.1127 -1.7282
-2.339 -4.2669
-3.7745 -1.2479
-4.0336 -4.213
0.021858 -5.782
-3.9671 -4.5692
-5.4957 -3.2057
-2.3765 -6.2258
-6.7976 -3.6546
-2.9781 -9.796
-0.66465 -3.244
-3.1121 -6.6016
-2.4594 -11.622
4.447 -5.3436
-0.49147 -6.2421
-1.3 -13.927
-6.0887 -1.0776
-5.0869 -4.3531
-3.5115 -6.6819
-6.1957 0.85018
-2.3629 -0.23106
2.6265 -2.6027
1.6178 -5.5858
-4.1094 -3.3583
-1.8693 -5.3018
-2.7358 -5.2086
-1.6949 -3.1899
-2.8383 -5.6909
-5.0309 -0.50198
-1.5051 -8.5468
-9.1856 -5.6979
-0.42055 -5.2767
-0.69758 -12.749
-3.5584 -2.2343
-0.029111 -5.2264
-3.1803 -5.9181
1.6832 -6.9077
-0.2125 -6.1268
-3.9202 -3.0554
-0.18553 -5.0615
-5.0367 -6.7939
-3.9533 -3.415
-8.1831 0.23412
-5.4169 -3.8429
-1.7991 -4.9182
-4.185 -0.14669
-3.7779 -4.5032
-4.7319 2.987
-6.8342 -2.6409
2.5847 -8.0091
0.12181 -4.7451
-4.7038 -7.5173
-3.9479 0.073862
-3.4796 -6.9808
-2.0263 -11.04
-4.4315 -8.2265
-3.9346 -9.0563
0.59798 -3.0847
-3.2281 -8.3105
-1.1697 -2.7398
-4.0385 -4.0348
-2.5985 -6.3617
-0.25166 -5.8686
-6.2037 -8.8914
-3.0924 -4.5167
-0.77132 -8.2369
-3.4955 -1.06
-5.2786 -3.2155
-6.5944 -1.0887
-1.9724 -1.7473
-1.6597 -7.7104
3.5489 -14.321
-3.776 -8.5906
-1.4757 -5.3135
-3.1401 -6.4724
-4.9955 -7.3768
-1.2619 -2.6147
-0.21225 -7.2144
-4.9189 -6.3537
-3.7113 -2.6867
-3.137 -4.9337
-1.9145 -2.5264
-3.4054 -4.9747
-3.0663 -6.9932
-4.321 -9.8025
-4.9103 -4.139
1.1413 0.24
-1.7656 -3.9469
-0.34177 -5.5937
-2.081 0.5319
-3.9826 -3.371
-2.9449 -4.8227
-3.755 -1.1757
-2.0241 -3.5928
-5.557 -4.1879
-2.1356 -4.2862
-3.1899 -4.7142
-4.695 -4.4783
1.478 -2.4995
-1.3451 -7.0053
1.5319 -2.3748
0.52949 -4.4356
-0.88075 -11.877
-3.3928 -12.577
-4.2826 -3.9697
-0.98891 -6.4445
-3.5469 -4.7432
-4.0296 -7.8711
1.437 -4.3687
-1.8508 -0.73244
-2.7329 -1.9035
-2.1505 -6.0269
-3.3041 -6.0762
-0.91896 -8.4964
-2.4925 -9.7309
-6.4787 -4.0604
-3.7751 -5.2654
-3.1894 -3.3993
-5.4091 -2.2862
-2.54 -6.5215
0.3664 -8.1716
-3.5881 -4.7162
-3.256 -4.5436
-3.9102 -3.5157
-1.0675 -2.6989
-4.408 -2.7339
-0.50979 -3.5045
-3.5311 -3.5492
-7.8332 -0.80993
-3.6413 -8.0912
-1.2293 -4.1122
-3.8395 -9.3476
-4.2584 -4.6964
-5.4392 -3.5108
-4.9579 -0.93449
-4.0576 -6.1253
-1.9981 -10.134
-2.9399 -5.0568
-3.7858 -7.2169
-3.3364 -5.3465
1.6834 -2.4027
-2.5753 -12.077
-8.8471 -2.2496
4.2169 -4.5113
-1.8123 -2.542
-2.2562 -4.6904
-1.3629 -4.6284
-7.8992 -3.1203
-2.1561 -4.7853
-9.0771 -2.0418
-4.9827 0.82038
-2.5047 -0.56875
-1.298 -13.695
-5.9571 -7.861
-7.7366 -5.2915
-5.7601 -0.25826
-3.5263 -3.1673
-1.7151 -2.9163
-6.1262 -6.3119
-6.2738 -3.8141
-3.785 -7.2401
1.465 -5.5278
-2.4385 -9.0254
-1.3079 -4.0987
-2.702 -11.892
-6.0805 -4.4004
-0.91496 -3.3178
-1.1776 -9.2896
-4.1962 -5.0339
-2.155 -4.548
-1.9586 0.56444
-2.9712 -6.1517
-7.4562 -7.0882
-0.38149 -7.8862
-5.5872 -0.94352
-2.0667 -0.94267
-2.9761 -6.725
-7.5343 -6.2645
-5.7892 -7.3691
-3.0318 -4.6037
-6.7717 -4.341
-2.1649 -7.6389
0.39055 0.46565
-3.7738 -3.5427
-3.792 -1.3338
-4.6552 -6.4236
-0.92366 -1.4446
-0.92595 -4.2293
-5.1643 -7.774
0.40783 -11.465
-2.8683 -6.2792
-7.843 -2.3599
-8.0856 -4.0737
-0.19961 -3.6956
-5.1402 -5.7971
-7.1717 -5.8334
-3.2604 -4.1916
-1.9654 -5.7761
-5.0064 -2.0144
-0.65145 -5.3184
-5.8106 -6.1042
-1.5437 -3.0195
-2.5536 -7.5368
-3.7134 -8.9805
-3.869 -2.2925
-5.2698 -3.1418
-4.0662 1.302
-1.6327 -7.2569
2.1396 -5.905
-6.8294 0.73525
-1.4836 -7.0893
-1.5675 -2.7125
-1.5012 -5.5071
-5.686 -8.4975
-2.5041 -3.9748
1.3379 -6.7204
-5.6556 -1.72
-0.030494 -1.0385
-0.43311 -5.1574
-3.0289 -9.4362
-7.4895 -1.6181
-6.8582 -6.7814
-1.9859 -6.7452
-2.3366 -0.78477
-1.1277 -5.2342
-3.718 -13.856
-6.1882 -7.1868
-0.66405 -6.8948
1.6878 -8.5015
-1.4387 -2.0048
-2.186 -5.6874
-3.7883 -5.8057
-1.9092 -2.2192
-3.646 -8.31
-3.8143 -4.8651
-5.2126 -5.0709
-0.80797 -10.83
0.0681 -7.3882
-3.8122 -2.4429
-5.5181 -5.0724
-6.2448 -4.7056
1.1689 -7.1836
-4.4012 -6.3247
-3.7561 0.86314
-8.1668 -4.5279
-2.003 -0.61411
0.28969 -3.2674
0.38639 -5.7384
-4.063 -3.3478
-2.3528 -6.4184
-1.8153 0.87527
-6.7018 -1.5992
-3.3584 -5.2763
-4.226 -5.4087
-1.5129 -5.6935
-2.7752 -1.2877
-0.94728 -4.7602
-0.29942 -2.2378
0.15497 -11.324
-1.6557 -2.743
-0.92277 -7.3978
-1.3439 -11.55
-0.1814 -7.6035
-4.4888 -9.1924
-3.0116 -1.8586
-6.362 -6.1016
0.46719 -7.3451
-6.0082 -7.1481
-1.2204 -7.2141
0.042144 -5.5777
0.59489 -1.7673
-0.9831 -1.9776
-2.5159 -2.8631
0.14708 -8.5845
-4.9727 -5.6554
-6.1706 -5.9219
-5.2169 -2.0103
-1.9671 -9.611
-1.9857 -7.5227
-3.4306 -5.9999
-4.7029 -1.8666
-3.3699 -1.3945
-1.7925 -6.8
-3.2291 -6.1042
-1.0803 -10.933
-4.1999 -6.2798
1.2745 -5.9081
-5.3185 -5.2309
-4.5178 -3.3753
2.4241 -6.2287
-4.4204 -0.90711
-4.8322 -5.0285
-3.0695 -0.70707
0.93122 1.3521
0.69243 -3.0484
-1.2614 -5.939
-0.86578 -5.3796
-3.6593 -7.9647
3.8545 -6.3057
-0.86631 -7.8063
-5.261 -6.7888
-4.8776 -5.2013
-0.71041 -6.7334
-6.8812 -5.6575
-3.6579 -6.8564
-7.7986 -7.6596
-4.6706 -8.7013
-6.7099 -4.9149
-2.1389 -3.9378
-4.1846 -6.7576
-4.3995 -2.8356
-4.5462 -3.0328
-4.8881 -7.8092
-7.4196 -5.8982
-3.6754 -11.203
-1.9039 -5.4273
-2.3839 -6.4542
-1.2276 -6.0379
-3.5971 -4.2739
-4.5441 0.24098
0.15938 -3.3475
-2.4295 -1.7796
-5.8715 -6.3241
-3.5522 -2.2386
-5.9172 -8.8479
-1.989 -8.2269
-0.25886 -11.515
-3.9609 -5.3114
-2.636 -4.0483
-6.9161 -2.9491
-0.50689 -8.5505
-2.1632 -7.4147
-5.8321 -5.0251
