8.9822 9.7504
7.5713 6.9618
4.7907 6.2819
6.8498 8.5687
10.251 9.3321
8.944 12.167
11.832 14.722
10.784 9.8925
10.947 9.6524
7.7828 10.333
10.284 12.01
7.5639 7.3152
11.863 12.377
8.5649 11.367
11.548 10.733
7.0742 7.3597
10.005 9.9288
10.233 12.645
8.3884 10.42
7.9311 9.0993
6.2802 8.023
9.4655 10.939
11.627 12.33
9.498 9.1158
6.2831 5.7863
8.1135 9.3515
10.352 13.453
11.319 14.401
8.873 10.686
10.648 11.928
9.8221 10.898
10.839 9.0355
7.0122 8.8997
11.976 11.048
11.749 11.907
7.5267 9.4601
7.8268 7.5372
9.2215 9.3269
6.0793 7.5531
5.5916 8.4558
11.163 11.759
8.0465 8.2192
10.325 12.039
8.3354 11.942
6.3625 6.7645
10.838 11.515
12.345 12.921
9.4759 10.781
6.523 7.8844
8.5349 9.4835
8.7994 9.5363
5.8756 8.565
8.5142 9.4071
7.6236 5.1088
6.8592 7.7047
10.37 9.9612
10.539 10.355
9.1681 10.019
9.3261 9.5585
7.0218 5.739
11.172 11.071
8.7141 7.5254
7.7089 8.4525
6.737 7.4148
9.0256 10.691
8.1545 9.3921
8.9735 9.7032
12.135 14.583
10.895 11.718
8.0069 10.165
9.9021 13.367
7.2236 6.2534
9.8449 11.79
7.7338 11.212
5.8874 8.8624
9.1428 11.583
7.4051 7.9144
9.072 9.8477
11.15 13.287
7.3405 9.854
10.608 11.568
9.889 9.8442
7.9729 10.221
5.7113 7.1934
9.4008 10.349
9.447 8.1569
8.2008 7.4792
6.983 9.921
9.11 9.6571
9.2638 9.0196
6.9615 8.8004
8.7946 10.499
7.6351 9.0532
10.731 11.394
7.6912 8.691
8.4091 8.9913
11.337 11.799
10.941 12.899
5.4151 7.5224
9.0394 9.4651
10.398 10.095
11.169 10.523
6.7634 6.4654
10.09 11.061
8.2283 10.316
9.571 8.9626
10.67 10.498
6.9183 10.473
7.6807 9.555
4.9665 6.5103
9.9294 11.781
8.1396 12.159
8.9233 9.5614
9.179 6.9516
9.2691 12.421
12.258 12.717
9.1266 10.277
9.2869 11.988
8.8757 10.508
10.081 9.1321
10.142 9.7147
8.0936 9.9847
8.5034 7.6788
4.3873 6.6832
8.7327 11.743
9.8268 12.791
7.4567 8.542
10.753 11.928
10.973 10.777
9.0011 7.0785
6.5347 10.914
9.4549 11.069
12.058 12.212
10.198 11.228
8.5436 10.85
9.4043 8.5098
8.6428 8.1103
8.3216 7.5175
10.322 16.992
8.0954 8.6221
10.346 11.046
10.513 10.053
10.083 10.979
8.8427 9.3323
5.482 6.8112
8.6095 6.4275
7.0847 10.614
8.8395 11.654
6.4121 8.2225
10.176 12.973
10.191 13.168
7.1975 7.0553
9.4142 11.448
6.9447 8.0817
11.2 12.279
11.454 10.837
9.4241 10.328
9.2632 11.712
8.7182 7.2937
8.4542 9.6936
9.3203 10.178
8.1428 9.3942
8.0933 7.7323
8.6146 9.9472
9.3982 9.8958
7.9206 10.179
11.011 13.439
8.688 8.713
9.2255 8.9183
10.109 12.413
9.9472 10.258
7.9949 9.986
6.6555 8.9253
8.2883 12.903
7.9829 9.5773
8.4319 10.179
10.374 14.69
9.4875 9.6287
5.5987 9.5668
9.6246 12.306
10.257 12.137
10.461 12.574
10.926 10.137
8.6947 7.5495
7.0932 7.6451
9.3094 11.813
7.0284 9.4435
8.7669 11.066
7.9889 9.2641
10.224 11.612
7.8362 10.719
9.4946 10.135
10.019 11.758
7.3121 9.9702
9.8718 8.9657
8.8616 9.6719
10.542 9.8352
6.3427 7.3214
8.9733 8.7812
8.9225 10.767
7.3615 8.2167
8.6411 7.196
8.7864 9.7124
9.2334 10.795
8.6972 9.0899
7.7317 9.5202
8.1092 7.1757
8.5541 9.113
9.4026 8.7752
8.3536 7.872
8.4913 11.706
8.3956 10.589
7.1532 7.3081
8.627 10.053
12.463 13.077
13.376 12.208
6.2932 8.555
8.4668 9.625
9.9775 12.493
7.6774 9.7128
8.8298 9.0395
7.1865 9.815
7.8843 8.3228
7.7079 9.5271
11.42 15.353
9.3905 8.7241
10.635 10.041
8.1334 8.8402
7.083 9.3142
9.8089 12.815
7.809 5.25
10.108 9.5173
7.6019 8.2391
11.539 13.188
6.9128 8.856
8.3177 13.799
7.6934 8.7527
10.597 12.265
6.6453 7.3666
11.133 12.092
10.803 11.971
9.3241 10.668
10.371 8.2269
8.1886 8.7882
8.705 8.9947
9.8306 8.7481
10.933 11.177
10.635 11.274
12.718 10.883
9.6771 10.957
8.047 7.9156
8.6605 12.785
11.716 12.408
5.694 7.6576
10.573 8.5345
7.0527 5.1062
10.507 11.774
9.3987 9.3788
10.668 11.615
10.127 11.085
7.9832 12.098
8.9084 10.981
8.3034 10.551
7.1551 7.8886
10.242 9.7315
7.0069 10.034
9.7387 12.156
8.637 13.774
9.002 8.22
9.2435 13.652
8.7465 9.9181
6.4109 6.9969
9.4628 11.344
10.14 9.3847
8.4659 9.9001
10.086 10.44
6.4013 7.7993
7.1216 5.6335
9.4721 10.718
9.2122 10.316
13.918 15.742
6.1321 7.4532
7.2473 9.4733
6.0723 8.8504
9.523 9.9304
8.338 8.8472
9.4866 12.366
3.7655 6.9695
7.9724 7.8639
9.4521 11.62
9.3428 11.485
9.6156 12.219
10.944 11.674
7.2839 4.8648
11.128 13.803
8.2647 8.2453
9.5874 10.673
8.9585 9.776
9.3781 9.3341
9.5219 11.553
6.8531 8.6722
9.1612 9.8737
9.0883 7.6747
8.8342 10.72
7.478 6.5901
7.7228 10.255
9.8271 10.549
8.1705 9.1319
10.859 11.723
9.4421 5.2039
10.889 13.043
8.915 9.4022
8.1607 9.2047
11.123 13.306
8.549 11.562
5.5992 7.9658
8.688 8.4307
8.9073 11.402
7.1677 8.76
8.7231 8.7947
8.4277 9.1729
5.9687 8.2411
10.013 9.2823
7.0102 8.2691
9.489 8.747
7.2377 9.2746
10.207 10.009
11.371 10.35
9.3698 7.5121
8.5987 10.367
9.6392 8.455
8.8287 10.259
8.5394 7.0838
8.2185 8.1508
10.603 8.4318
9.0558 10.185
8.4938 9.4907
7.3601 8.5335
7.261 10.524
9.9528 14.145
6.777 10.788
8.1435 8.2146
10.202 11.881
7.823 8.8473
10.916 13.148
10.809 10.107
6.9958 9.8271
9.5056 8.9733
8.7914 9.0838
9.9476 13.243
