22.65 -6.8313
23.594 -4.3581
20.889 -7.3489
19.581 -4.3736
18.042 -5.0752
22.328 -6.7964
14.616 -3.6095
23.432 -8.0407
16.298 -5.7048
19.67 -3.4358
22.615 -8.2137
24.322 -9.3942
23.607 -7.5731
16.813 -4.5327
21.263 -6.183
21.275 -7.5099
17.906 -3.7357
22.125 -5.3699
18.075 -4.5027
20.098 -5.8415
17.176 -5.3554
18.141 -4.948
25.135 -6.2442
22.972 -10.483
15.64 -3.4293
22.567 -5.9339
17.134 -5.0029
17.816 -3.8606
23.271 -6.5574
21.075 -7.4125
17.166 -5.9178
16.843 -6.0825
17.963 -4.9839
16.37 -4.0531
19.734 -6.4245
13.381 -3.7767
21.942 -6.1356
12.457 -3.0939
20.549 -5.7547
21.547 -6.5613
24.534 -6.3473
19.46 -5.2473
22.229 -6.7099
21.878 -7.0642
20.573 -3.7884
23.912 -7.908
18.971 -3.992
17.706 -5.3831
21.012 -6.1388
20.192 -7.4084
15.425 -2.9951
20.46 -6.605
21.504 -5.8816
18.088 -4.6516
28.2 -10.016
18.341 -6.0337
11.843 -2.408
23.424 -7.975
23.62 -9.8832
17.586 -3.9613
12.329 -4.7915
21.907 -6.0329
22.792 -7.1178
15.922 -5.2628
15.257 -5.6022
20.142 -6.3204
21.642 -5.6046
20.951 -5.7833
19.01 -7.9137
20.565 -5.0076
20.668 -3.7954
19.712 -5.0338
17.804 -4.6544
16.287 -4.0701
21.788 -5.6339
16.976 -5.2688
21.592 -7.1885
22.644 -8.1919
19.332 -5.4939
20.891 -5.305
18.399 -4.8225
15.654 -4.3037
23.24 -8.0109
15.944 -5.2084
19.48 -5.5334
23.006 -7.2201
22.739 -6.4829
16.493 -4.5919
21.256 -8.1021
27.343 -8.0678
14.759 -3.94
20.852 -6.549
19.237 -5.7211
22.262 -5.3363
20.844 -6.9598
22.316 -8.2206
20.546 -6.9786
23.435 -7.3921
19.93 -6.2634
21.678 -5.8875
17.732 -5.4336
20.151 -7.1284
24.42 -7.3809
19.516 -7.0197
16.98 -4.9326
22.225 -6.3985
18.187 -3.6659
12.419 -4.0609
16.836 -6.6206
16.903 -4.6232
22.021 -6.6224
22.443 -7.159
21.831 -7.1786
19.598 -6.0147
22.762 -7.4666
13.571 -4.4646
28.065 -8.1423
20.013 -4.4222
25.994 -9.8415
17.765 -5.8486
15.538 -4.4984
18.711 -4.4495
15.019 -2.0422
15.991 -4.971
22.527 -7.7075
22.564 -9.5265
22.972 -6.429
17.388 -4.7421
19.732 -6.2228
24.444 -8.7566
25.086 -9.3601
21.677 -9.078
16.026 -3.6188
13.052 -5.691
21.437 -6.8403
20.069 -4.6982
21.993 -5.2595
22.303 -7.0168
21.115 -7.2933
17.594 -5.6748
20.577 -4.3808
24.009 -9.711
20.406 -5.9729
20.414 -3.8425
19.211 -6.4229
21.022 -7.3219
19.042 -4.8107
21.26 -6.499
19.038 -3.9099
19.462 -4.9071
20.38 -6.1382
19.223 -5.1209
20.967 -7.7513
22.6 -4.8529
17.337 -4.9709
24.94 -8.0816
25.27 -9.5018
22.222 -7.235
18.193 -4.9635
18.501 -5.9698
21.634 -5.7208
18.309 -4.8946
24.635 -6.2464
17.172 -5.5633
21.738 -8.1014
21.129 -7.5653
20.949 -5.3041
22.838 -7.0312
19.264 -4.5415
19.81 -5.6706
17.312 -3.2074
20.885 -7.0771
21.266 -5.9976
19.275 -4.8969
23.157 -7.2841
20.598 -5.2919
21.474 -6.2805
14.889 -4.2785
21.593 -7.3626
20.345 -5.5861
19.953 -6.3048
20.27 -6.8622
19.933 -8.2867
22.02 -8.8101
27.138 -10.718
15.73 -2.767
23.985 -7.2632
22.122 -6.0203
23.972 -6.4751
13.296 -3.5924
19.006 -4.1674
18.522 -7.2932
17.82 -5.4537
20.637 -6.637
17.442 -5.7242
18.047 -4.1657
19.438 -5.7877
23.364 -6.7153
26.206 -9.4986
20.109 -6.0919
24.466 -9.5672
24.11 -7.6618
21.692 -5.8094
20.284 -6.5676
19.219 -6.7978
18.827 -5.0957
22.231 -6.8827
22.775 -6.5508
19.205 -5.0375
19.665 -7.4339
14.16 -2.6235
19.397 -5.1733
15.336 -4.6231
16.435 -5.564
19.004 -3.167
25.67 -8.3188
23.025 -4.5672
16.942 -4.8406
16.182 -6.0936
18.982 -4.4809
17.756 -4.9287
20.088 -6.6191
17.565 -5.2152
16.483 -5.9565
17.517 -4.3375
19.976 -5.0832
18.465 -5.8884
21.473 -6.565
24.166 -8.5222
23.677 -7.1283
20.59 -5.1525
17.865 -5.3252
16.233 -7.7282
24.257 -7.5545
15.775 -4.4754
21.628 -5.9302
23.157 -8.2744
16.005 -3.8065
21.265 -7.7134
21.844 -6.7119
21.001 -4.288
21.376 -5.7827
23.333 -10.617
12.753 -4.232
16.684 -6.4988
18.805 -4.6256
11.82 -2.8299
18.468 -5.203
23.297 -6.9202
17.107 -5.31
18.793 -6.6039
19.738 -6.6123
20.544 -4.6317
20.18 -7.261
26.394 -8.3116
19.742 -5.8904
18.819 -6.8057
17.815 -2.5293
19.24 -6.7741
13.191 -4.9988
18.95 -5.981
21.18 -6.8388
20.654 -4.6436
20.909 -5.2358
24.077 -7.6169
23.323 -7.716
18.012 -5.899
21.242 -5.6551
19.693 -5.7107
19.812 -5.804
26.814 -7.9882
17.362 -4.2058
20.69 -7.3665
23.874 -5.6729
21.069 -5.5214
25.32 -7.7981
16.053 -4.5844
16.049 -4.1621
17.925 -5.2604
17.551 -4.1834
23.018 -8.7672
23.562 -7.9343
17.24 -5.5542
22.132 -6.6396
20.022 -7.825
22.189 -7.4385
23.905 -7.4239
15.555 -5.8232
22.825 -6.3775
16.537 -6.2094
19.139 -7.5074
27.263 -8.9036
15.593 -3.8645
21.104 -5.4524
19.217 -6.4183
23.47 -8.6379
20.063 -5.4041
17.39 -4.0595
21.117 -4.9379
22.674 -6.4066
19.872 -5.8722
18.032 -5.4673
13.054 -4.5041
18.973 -5.919
21.13 -5.309
20.719 -5.1857
19.313 -5.5188
22.04 -8.4987
19.307 -7.1246
14.09 -3.1226
19.056 -5.909
20.651 -4.7009
17.851 -5.1468
13.627 -2.445
17.527 -5.7497
22.031 -4.8476
19.026 -5.4599
11.457 -4.4678
25.781 -7.3736
21.88 -4.6035
20.845 -8.3444
21.848 -4.52
20.739 -7.1233
25.318 -9.3434
22.856 -5.4552
18.398 -3.8088
23.302 -7.9177
19.994 -4.6167
22.088 -8.3217
18.751 -5.6399
21.664 -5.8985
15.348 -3.3387
21.792 -7.6048
21.849 -5.0398
18.581 -4.5159
14.917 -3.5513
24.859 -5.6203
21.855 -8.2406
22.658 -6.3896
19.791 -7.2546
15.693 -3.0622
16.571 -6.1558
18.128 -4.9391
17.687 -3.521
22.331 -7.6089
19.791 -6.3787
19.679 -5.8861
20.961 -6.5805
17.566 -4.3206
23.212 -6.8013
