-3.307210 0.152580 
-3.050420 0.222452 
-1.339856 0.950712 
-1.011367 0.489903 
-1.927463 0.858228 
-1.170178 0.610584 
-1.892336 0.934041 
-1.849045 0.931083 
-2.847717 0.756129 
-2.677355 0.680360 
-3.084014 -0.202915 
-3.072751 0.507736 
-3.307077 -0.115525 
-1.366772 0.908721 
-2.962194 0.531585 
-1.101591 0.751378 
-1.653644 0.959571 
-0.680585 -0.189829 
-0.903164 0.721854 
-2.031325 1.183235 
-3.117167 -0.121728 
-3.328300 0.048438 
-1.655365 0.916009 
-1.264401 0.737662 
-0.613006 0.205883 
-0.854353 0.368477 
-2.103763 0.930857 
-0.631006 -0.139536 
-2.337466 0.926385 
-3.162296 0.094801 
-0.696804 -0.085140 
-1.235672 0.948676 
-1.494850 0.785016 
-2.540907 0.821444 
-3.361930 -0.161682 
-1.776958 0.938077 
-2.718468 0.649299 
-0.974707 0.592792 
-0.634051 0.321910 
-1.419178 0.961432 
-3.110113 0.479238 
-1.560577 1.016960 
-1.871630 1.099487 
-2.191676 0.859858 
-0.764033 0.258456 
-2.903793 0.462889 
-3.132942 0.525934 
-3.111802 0.193665 
-2.050470 0.910037 
-2.691189 0.889493 
-1.826611 1.044998 
-0.856219 0.547739 
-0.624408 -0.040451 
-1.777441 1.139738 
-2.979662 0.719253 
-1.082161 0.748437 
-0.699911 0.382407 
-2.599914 0.908320 
-0.676816 0.385574 
-2.580227 0.885964 
-1.713440 1.177823 
-2.486135 0.876133 
-0.624781 0.253807 
-1.328889 0.997778 
-1.042759 0.877100 
-3.006477 0.299496 
-0.731384 0.184322 
-2.414415 0.934970 
-0.711632 0.349554 
-1.882708 1.116186 
-1.115822 0.749855 
-3.362009 0.033076 
-0.966177 0.543629 
-0.792232 0.531928 
-1.638876 0.867822 
-1.953998 0.975604 
-2.066772 1.172526 
-2.893724 0.776914 
-0.830811 0.648587 
-1.326769 1.046793 
-2.280679 0.935873 
-3.258373 0.204300 
-0.723178 0.549354 
-2.757319 0.611532 
-3.205454 -0.206699 
-2.089832 1.165783 
-1.985910 1.042013 
-1.060643 0.942312 
-2.913293 0.753854 
-0.900732 0.555934 
-0.785141 0.627503 
-0.685431 -0.191204 
-3.222325 0.403654 
-2.245465 1.116077 
-2.558006 0.755274 
-2.542624 0.810814 
-1.121372 0.714580 
-3.186085 0.240406 
-2.465225 0.779705 
-2.505555 0.800082 
-2.863374 0.540135 
-0.954304 0.611669 
-1.706830 0.838228 
-3.365333 -0.250157 
-3.073297 -0.189479 
-0.599280 -0.274876 
-2.334510 0.986902 
-1.900057 1.197661 
-0.948744 0.837500 
-3.290717 0.175610 
-2.410117 0.937670 
-0.693324 0.053150 
-2.209150 1.005885 
-2.437859 0.750204 
-0.491923 -0.060415 
-0.514846 0.227714 
-2.824258 0.607040 
-1.953931 1.023116 
-0.579186 0.008876 
-3.038601 0.195362 
-1.534326 0.940389 
-2.355774 0.770053 
-0.664035 0.249653 
-3.039860 0.412315 
-0.886247 0.748004 
-1.830389 1.111386 
-0.687484 0.191074 
-1.052451 0.605225 
-2.501126 0.756141 
-2.816302 0.399786 
-0.713908 0.596040 
-1.951992 1.163840 
-2.784239 0.528311 
-2.391898 0.922031 
-1.955746 1.104869 
-2.195982 0.901565 
-0.903221 0.707683 
-3.100386 -0.048371 
-2.738138 0.682913 
-3.194713 -0.270632 
-2.644422 0.752358 
-3.306111 -0.254022 
-0.772414 0.215691 
-1.006603 0.584809 
-0.837664 0.202858 
-2.546523 0.976473 
-1.724646 1.083935 
-0.868086 0.477595 
-2.599242 0.915991 
-1.927331 1.021794 
-3.285621 0.268009 
-0.852399 0.724072 
-1.782977 1.146829 
-1.962798 1.067869 
-0.712268 -0.228316 
-0.765298 0.069973 
-1.376798 0.967391 
-2.177288 1.048314 
-3.165317 0.178280 
-1.421922 1.110568 
-0.770972 0.591030 
-1.321919 0.936452 
-0.881031 0.782511 
-2.678043 0.666266 
-3.292352 -0.059801 
-2.670921 0.612224 
-1.611691 0.985077 
-2.210476 0.982551 
-0.457816 0.037777 
-2.848465 0.375876 
-3.149611 0.091737 
-1.354910 0.832575 
-2.659808 0.828884 
-2.309760 0.845066 
-2.089384 0.991231 
-3.240939 -0.167056 
-3.238150 -0.163064 
-1.506805 0.911847 
-2.613465 0.714320 
-1.648447 0.997196 
-3.031276 0.514575 
-0.707809 -0.229084 
-0.781495 0.218716 
-2.522680 0.719809 
-0.809790 0.419140 
-2.250477 1.127167 
-1.100140 0.821026 
-3.361420 -0.141718 
-0.704774 -0.295745 
-0.588959 -0.085626 
-1.856103 0.914440 
-3.065485 0.605639 
-3.018918 0.076383 
-0.497577 -0.273979 
-0.724681 0.337889 
-0.663089 0.133687 
-2.786399 0.573170 
-2.580045 0.766484 
-0.634888 0.454074 
-1.098334 0.755928 
-0.994818 0.827996 
-1.392949 0.807841 
-0.852633 0.484803 
-3.072271 -0.299064 
-2.657057 0.730840 
-0.985382 0.755032 
-2.971715 0.171581 
-0.426990 -0.152152 
-3.364270 -0.178796 
-2.866331 0.392610 
-2.176139 0.929849 
-0.817563 0.280295 
-3.220502 0.277619 
-3.132253 -0.182083 
-0.918164 0.357038 
-3.133739 -0.048659 
-0.629003 -0.259158 
-2.505710 0.737197 
-2.420575 0.754724 
-0.563281 -0.023827 
-1.911449 1.019807 
-0.539488 0.020990 
-2.614209 0.994106 
-0.778620 0.132071 
-0.428856 -0.210341 
-1.824308 1.141179 
-1.728409 0.935572 
-2.148897 0.862322 
-1.456749 0.858149 
-2.972775 0.558718 
-0.791791 0.490332 
-1.210098 0.725421 
-1.488840 0.795498 
-2.509609 0.899367 
-0.761802 0.475412 
-1.121885 0.649427 
-0.734680 0.400596 
-0.851208 0.508145 
-2.920018 0.670682 
-1.021340 0.645778 
-2.613374 0.818196 
-1.644931 1.040722 
-1.766740 1.054554 
-1.581537 0.869920 
-1.130266 0.895766 
-1.074762 0.766920 
-1.159143 0.729323 
-2.912273 0.519306 
-1.486347 1.035379 
-2.770773 0.778333 
-0.620589 0.482882 
-1.683252 1.140571 
-0.612621 0.320171 
-1.943263 1.003543 
-2.991615 0.499492 
-0.606554 0.174109 
-3.258076 0.216290 
-0.660641 0.013921 
-0.535387 -0.003183 
-3.067551 0.555655 
-0.745689 0.431861 
-2.319377 1.118696 
-0.415353 -0.201576 
-1.787466 1.173718 
-0.799849 0.547540 
-0.720413 0.582003 
-0.579620 -0.012310 
-2.668384 0.880199 
-1.149759 0.946301 
-2.037000 1.003200 
-2.817071 0.507855 
-3.351520 0.064971 
-3.092102 0.376139 
-0.633493 -0.256314 
-0.692078 0.082629 
-3.056271 0.615792 
-1.590133 1.055217 
-1.772406 0.879820 
-3.277061 0.283435 
-2.560416 0.762489 
-1.243707 0.946532 
-3.038274 0.178577 
-0.771210 0.547056 
-1.866634 1.175833 
-0.939499 0.479452 
-2.518952 1.007044 
-2.248514 1.050419 
-0.450398 -0.074587 
-2.172288 1.018874 
-0.494134 -0.096120 
-1.143375 0.807275 
-1.002705 0.638198 
-2.805403 0.479090 
-0.978221 0.447631 
-0.812444 0.266205 
-1.037543 0.733025 
-1.709036 0.987024 
-2.591073 0.892651 
-1.939038 0.925746 
-2.340506 0.970224 
-1.184803 0.874031 
-2.859899 0.687966 
-1.324100 0.718096 
-2.771304 0.808340 
-2.932825 0.688618 
-1.220287 0.786713 
-1.880413 0.945843 
-2.807634 0.605376 
-0.746265 0.397621 
-0.471175 -0.006015 
-0.520192 -0.215322 
-0.634969 -0.081688 
-3.042411 -0.121954 
-1.415893 0.941645 
-1.763942 1.050049 
-2.942117 0.293873 
-2.936046 0.507996 
-3.010088 0.660834 
-1.812308 1.063596 
-2.672863 0.794693 
-3.369646 -0.018603 
-1.528336 1.140993 
-1.490639 0.823360 
-3.232565 -0.197790 
-0.504415 0.217265 
-0.858724 0.592153 
-0.746257 0.609035 
-1.163690 0.713823 
-0.714628 -0.263359 
-2.964730 0.219011 
-2.538066 0.874000 
-0.621818 0.226759 
-0.664734 0.065545 
-2.818884 0.574330 
-0.657928 -0.212608 
-1.529891 0.964672 
-2.182247 1.142572 
-2.966463 0.290693 
-1.728686 0.921093 
-0.805485 0.329397 
-0.746394 -0.122637 
-1.409441 0.789496 
-1.505160 1.091341 
-0.584570 -0.246048 
-2.661850 0.835998 
-3.041766 -0.015991 
-1.082853 0.576172 
-1.935542 0.917922 
-0.632650 0.167251 
-0.643141 -0.241483 
