1.254659 0.884392 
2.061124 0.867822 
0.737806 0.531585 
2.450481 0.713141 
2.760501 0.479452 
1.289883 0.937670 
3.087379 0.320171 
2.707997 0.764080 
0.847194 0.393142 
0.566261 -0.048659 
1.380623 1.118696 
1.741385 0.932117 
1.157376 0.810814 
0.757883 0.293873 
2.430283 0.699422 
2.921020 0.645935 
1.876442 0.905413 
0.661726 0.178577 
2.647549 0.605225 
3.011646 0.262782 
2.921380 0.132071 
2.625238 0.766920 
2.678660 0.645778 
0.485897 0.190118 
2.942258 0.522609 
2.235725 1.076516 
1.375257 0.822491 
3.078182 0.226759 
0.649580 0.222452 
0.907865 0.474330 
1.396442 1.051374 
2.869189 0.648587 
1.633228 1.172526 
0.516094 0.013599 
0.389024 0.034471 
2.211160 0.795498 
3.092696 0.264297 
2.813753 0.748004 
0.767175 0.688618 
2.371111 0.997778 
3.012516 0.191074 
2.748205 0.435442 
2.847601 0.724072 
0.441627 0.204300 
0.928696 0.808340 
3.103130 -0.214353 
1.490850 1.005885 
1.086626 0.818196 
0.693523 0.299496 
0.763373 0.566066 
2.366223 0.822016 
2.016748 1.140571 
1.153477 0.976473 
0.477675 0.403654 
1.085791 0.994106 
0.393889 -0.254022 
3.056859 -0.241483 
2.979587 0.582003 
2.985372 -0.263359 
3.004523 0.478370 
0.720338 0.719253 
2.976822 0.549354 
1.031616 0.880199 
0.729797 0.651898 
0.461850 -0.163064 
2.995226 -0.295745 
2.693397 0.584809 
0.375157 -0.190716 
1.850955 0.931083 
0.776526 0.440405 
1.100086 0.908320 
1.817292 1.116186 
0.338070 -0.161682 
1.213865 0.876133 
0.712081 0.399883 
3.019415 -0.189829 
1.194445 0.800082 
1.732914 1.037826 
3.270117 -0.019549 
1.936058 1.050049 
3.036911 0.133687 
1.927594 0.879820 
0.634515 0.605639 
2.688633 0.489903 
1.451486 1.050419 
2.848792 0.508145 
1.449523 1.127167 
0.727225 0.558718 
1.799943 1.197661 
2.578115 0.649427 
1.843897 0.914440 
2.515197 0.874031 
0.915761 0.528311 
2.907768 0.531928 
0.795046 0.782152 
0.733537 0.290693 
0.656344 0.404706 
0.763954 0.507996 
1.610616 0.991231 
1.819587 0.945843 
1.362534 0.926385 
1.190391 0.899367 
2.033233 1.167509 
3.093446 0.174109 
1.922559 1.139738 
2.536310 0.713823 
1.504018 0.901565 
1.993170 0.838228 
2.877444 0.369971 
1.365490 0.986902 
2.796836 0.721854 
2.584178 0.749855 
0.864634 0.435210 
3.058301 0.399367 
2.193195 0.911847 
2.410516 1.021271 
1.075583 0.717995 
3.249602 -0.074587 
2.986092 0.596040 
1.159093 0.821444 
2.598409 0.751378 
0.689912 0.660834 
2.044635 0.916009 
0.681082 0.076383 
3.136719 -0.023827 
0.813438 0.499488 
1.756737 1.003543 
1.610168 1.165783 
2.790132 0.457715 
2.165674 0.940389 
3.273010 -0.152152 
1.887692 1.063596 
2.088309 0.985077 
2.046356 0.959571 
1.714090 1.042013 
2.601666 0.755928 
2.927586 0.215691 
2.557223 0.828895 
2.971048 -0.207461 
3.096314 0.412606 
0.567058 0.525934 
2.781836 0.357038 
0.852283 0.756129 
0.929227 0.778333 
3.075592 -0.040451 
1.194290 0.737197 
2.845965 0.247366 
0.913601 0.573170 
2.209361 0.823360 
3.179808 -0.215322 
0.836626 0.540135 
2.259986 0.941650 
0.494546 -0.206699 
3.006676 0.053150 
2.489902 0.725421 
3.003196 -0.085140 
2.887556 0.266205 
1.029079 0.612224 
2.464328 0.948676 
3.023184 0.385574 
2.705182 0.827996 
2.890210 0.419140 
0.973530 0.918570 
3.160512 0.020990 
2.529822 0.610584 
0.627249 0.507736 
0.579171 0.198947 
0.658234 -0.015991 
2.914859 0.627503 
3.185154 0.227714 
2.033050 0.920484 
2.949605 0.422259 
2.599860 0.821026 
1.855159 0.982728 
0.615986 -0.202915 
3.090417 0.030273 
2.540857 0.729323 
1.702512 0.918606 
1.141994 0.755274 
3.094101 -0.182706 
2.606005 0.768214 
0.882929 0.507855 
2.657241 0.877100 
3.164613 -0.003183 
1.828370 1.099487 
2.542225 0.584040 
1.748008 1.163840 
1.454535 1.116077 
2.327784 0.788755 
2.550241 0.946301 
2.310074 0.894704 
2.617147 0.576172 
1.770762 1.121578 
2.769092 0.321366 
1.359494 0.970224 
3.070997 -0.259158 
2.774819 0.550149 
0.433919 0.152200 
0.661399 0.195362 
2.433767 0.684205 
0.668724 0.514575 
0.582833 -0.121728 
2.360144 0.950712 
1.772669 1.021794 
1.707319 0.885967 
2.528742 0.999000 
0.459061 -0.167056 
2.818969 0.782511 
0.892366 0.605376 
3.111041 -0.085626 
1.042943 0.730840 
2.953743 0.609035 
2.817559 0.342899 
2.556625 0.807275 
1.517753 1.142572 
0.335730 -0.178796 
1.649530 0.910037 
1.760962 0.925746 
1.113124 0.988766 
2.953735 0.397621 
0.513915 0.240406 
2.745696 0.611669 
3.120814 0.008876 
2.606957 0.898282 
1.523861 0.929849 
0.796207 0.462889 
0.632449 0.555655 
0.660140 0.412315 
2.799268 0.555934 
1.873389 1.044998 
1.508324 0.859858 
2.992191 -0.229084 
3.057481 -0.115330 
1.022645 0.680360 
2.845647 0.368477 
1.040192 0.828884 
1.668675 1.183235 
0.629114 -0.262579 
1.056950 0.861224 
2.843781 0.547739 
3.155464 -0.175340 
3.014569 -0.191204 
2.953606 -0.122637 
0.338580 -0.141718 
0.626703 -0.189479 
3.120419 0.088697 
1.807664 0.934041 
1.198874 0.756141 
2.697155 0.804273 
2.882437 0.280295 
0.587925 -0.219753 
2.891162 0.314307 
1.975354 1.083935 
3.065031 -0.081688 
2.531950 0.861128 
2.171664 1.140993 
2.378081 0.936452 
0.737512 0.743334 
3.075219 0.253807 
3.065112 0.454074 
2.918505 0.218716 
0.361632 -0.103219 
2.975319 0.337889 
3.208077 -0.060415 
2.934702 0.069973 
1.390240 0.845066 
1.912534 1.173718 
2.714618 0.755032 
1.977598 1.106632 
2.819594 0.618371 
0.441924 0.216290 
2.280822 0.961432 
1.923042 0.938077 
1.990964 0.987024 
3.079411 0.482882 
3.066507 -0.256314 
2.938198 0.475412 
1.986560 1.177823 
0.567747 -0.182083 
2.847367 0.484803 
3.042072 -0.212608 
2.900151 0.547540 
3.115430 -0.246048 
2.736160 0.527624 
1.181048 1.007044 
0.588198 0.193665 
0.392790 0.152580 
2.346189 0.754431 
2.398220 0.793057 
1.115809 0.904754 
3.047971 -0.030271 
3.242184 0.037777 
0.610342 0.099229 
0.627729 -0.299064 
0.607898 0.376139 
3.035266 0.065545 
2.633614 0.826316 
2.987732 -0.228316 
0.570165 0.474987 
0.883698 0.399786 
2.569734 0.895766 
2.721779 0.447631 
1.489524 0.982551 
1.737202 1.067869 
0.981989 0.706900 
1.917023 1.146829 
0.334667 -0.250157 
3.102213 -0.103641 
0.787727 0.519306 
2.662457 0.733025 
1.933260 1.054554 
2.617839 0.748437 
2.194840 1.091341 
1.087624 0.900721 
2.975703 -0.194134 
2.928790 0.547056 
2.205150 0.785016 
3.202423 -0.273979 
2.139423 1.016960 
1.869611 1.111386 
0.840101 0.687966 
0.779982 0.670682 
3.176019 -0.235342 
2.278078 1.110568 
2.169914 0.971679 
0.833669 0.392610 
3.086994 0.205883 
2.733823 0.543629 
2.954311 0.431861 
0.961862 0.682913 
2.333228 0.908721 
1.764458 0.917922 
3.120380 -0.012310 
2.997849 0.527987 
3.271144 -0.210341 
1.156911 0.921820 
1.324055 0.805667 
1.308102 0.922031 
1.746069 1.023116 
0.642524 0.173999 
1.045992 0.853774 
3.198546 0.098663 
2.751256 0.837500 
1.668259 1.095768 
2.796779 0.707683 
0.512640 0.453528 
2.373231 1.046793 
0.392923 -0.115525 
1.806231 0.954180 
1.344226 0.770053 
