1.099025 -1.140040 
-0.433365 -1.629555 
-0.073598 -1.914745 
-0.541758 -1.652214 
1.557260 -0.999805 
-0.053130 -1.753200 
1.620793 -0.507086 
1.646177 -0.909718 
-1.403758 -0.809128 
-1.570157 -0.628913 
0.265725 -1.772139 
0.319814 -1.880100 
1.270616 -1.250870 
1.391131 -1.252342 
1.335649 -1.282748 
0.832199 -1.259479 
1.669129 -0.017385 
1.471226 -1.272302 
1.540479 -1.174352 
-0.802394 -1.441851 
1.778928 -0.231490 
-1.269515 -1.333509 
1.637653 -0.312810 
1.257389 -0.823024 
1.802787 -0.412009 
0.975478 -1.409576 
-0.163695 -1.766652 
-1.604108 -0.172357 
0.050580 -1.496817 
-1.604045 -0.433228 
0.839647 -1.690477 
1.310510 -1.105872 
-1.760616 -0.194693 
1.448646 -0.389155 
1.029700 -1.157631 
1.736502 -0.825221 
-1.054801 -1.639245 
-0.533389 -1.659286 
0.266452 -1.532405 
0.668853 -1.422326 
-1.691756 -0.672820 
-0.693499 -1.453119 
0.575231 -1.613791 
-1.607160 -0.134948 
1.564155 -0.541668 
-1.496772 -1.168367 
1.145782 -1.430733 
-0.292768 -1.899551 
-1.595438 -0.287407 
0.591189 -1.644959 
-1.587538 -0.214270 
0.343062 -1.839013 
1.652923 -0.224046 
1.023854 -1.645470 
0.745414 -1.789083 
-0.989650 -1.569274 
-0.181679 -1.937619 
-1.548737 -0.077288 
0.999107 -1.240768 
-1.512343 -0.037677 
-0.377402 -1.852894 
-0.249243 -1.888115 
-1.624731 -0.995661 
-1.051964 -1.468481 
0.233786 -1.519001 
0.934051 -1.306375 
0.702803 -1.588151 
1.537523 -0.528013 
-1.377778 -0.707628 
1.616014 -0.439249 
1.123914 -1.524692 
0.390876 -1.476206 
1.347185 -0.857851 
1.498272 -0.487841 
-1.538406 -0.197185 
0.558539 -1.571734 
0.140432 -1.778447 
-1.305651 -1.224566 
-0.483132 -1.535534 
-0.689317 -1.729511 
0.459354 -1.669355 
-1.520411 -0.167940 
0.919231 -1.187714 
-1.545384 -0.359134 
1.306327 -1.327573 
0.954338 -1.420791 
-0.448072 -1.791261 
-0.325181 -1.786227 
-1.560641 -0.584289 
-0.491053 -1.870310 
0.425364 -1.755746 
-1.551051 -0.435046 
-1.882813 -0.473378 
0.453449 -1.752738 
-1.900846 -0.076231 
0.633789 -1.789252 
1.566315 -0.105972 
-1.260823 -1.408129 
1.836705 -0.437429 
-0.672704 -1.499315 
1.495222 -0.387884 
-0.071709 -1.645725 
-1.761234 -0.185407 
-1.415069 -1.334518 
-0.426052 -1.575558 
1.583210 -0.622671 
-1.932561 -0.084044 
-1.269499 -1.017073 
-1.917548 -0.024384 
-0.592797 -1.489156 
-1.030054 -1.483281 
1.759590 -0.615505 
1.855329 -0.191417 
-1.362520 -1.206252 
-0.552366 -1.854381 
-1.075524 -1.316604 
-1.009655 -1.420050 
-1.482772 -0.259392 
-1.566243 -0.650491 
-1.502081 -0.165039 
-0.359701 -1.487907 
-1.524242 -0.575052 
1.752973 -0.326268 
1.418642 -1.047262 
1.163692 -1.238882 
-1.276477 -0.851898 
0.808213 -1.647976 
-0.736940 -1.797199 
1.856070 -0.593759 
0.777342 -1.414956 
1.375964 -0.610496 
-0.747339 -1.472812 
1.108167 -1.142644 
0.516289 -1.690194 
-1.655343 -0.977764 
1.786537 -0.675520 
1.274233 -0.900829 
-1.612290 -0.588106 
-1.111066 -1.476324 
-0.271518 -1.890828 
-1.190474 -1.094872 
1.495016 -0.331709 
-1.549978 -1.156656 
-1.706058 -0.065247 
-0.112979 -1.886775 
-1.634888 -0.863980 
-0.419028 -1.544798 
1.605512 -0.905827 
0.020359 -1.853289 
0.369310 -1.749284 
-0.490846 -1.823011 
-1.699507 -0.122116 
-1.320212 -1.412346 
1.551668 -0.868535 
-0.037194 -1.562465 
0.650543 -1.637758 
-1.687226 -0.710239 
-1.618400 -0.527813 
-1.656257 -0.242490 
0.255189 -1.720293 
1.526110 -0.478487 
-0.118803 -1.708088 
1.363424 -0.630854 
-1.482880 -0.540753 
0.933538 -1.485015 
0.104797 -1.583145 
-0.436318 -1.688514 
1.668411 -0.946400 
1.028567 -1.160039 
1.905961 -0.163207 
1.236616 -1.022349 
0.492591 -1.694104 
0.050995 -1.761183 
0.582774 -1.802602 
0.118620 -1.638151 
-1.535414 -0.461910 
1.131628 -1.580645 
-0.562728 -1.611124 
1.068752 -1.411924 
-1.734594 -0.219694 
-1.453591 -0.672614 
0.976800 -1.356116 
1.559942 -0.228086 
1.758138 -0.481381 
-1.506366 -0.717122 
-0.171457 -1.845488 
1.704009 -0.194081 
-0.919641 -1.624830 
0.040058 -1.775853 
1.876042 -0.027446 
1.145352 -1.524888 
1.148213 -1.108783 
-1.151205 -1.537719 
-1.467081 -0.624569 
-1.381254 -1.078527 
-1.196789 -1.375582 
0.441059 -1.890789 
0.896540 -1.294531 
1.368067 -1.239846 
-0.306582 -1.758056 
1.237213 -1.501334 
-1.483126 -0.656666 
-1.070339 -1.386113 
0.389466 -1.780444 
-0.695408 -1.649310 
0.204260 -1.640960 
-0.469401 -1.488560 
0.501808 -1.442344 
1.662478 -0.051722 
-1.810091 -0.073276 
-1.903997 -0.113701 
-0.966642 -1.498618 
-0.672019 -1.565179 
-0.788056 -1.455320 
1.256893 -0.911252 
1.237655 -1.366092 
1.003006 -1.224293 
-0.545507 -1.435600 
-0.839597 -1.501652 
0.132974 -1.782594 
1.814563 -0.347698 
1.255173 -1.108801 
0.671299 -1.708277 
0.517625 -1.668330 
-1.477469 -0.385937 
1.629615 -0.259186 
-1.823426 -0.265269 
-0.805128 -1.408273 
-1.153836 -0.983021 
1.594151 -0.064553 
0.288976 -1.717594 
0.154980 -1.782555 
-1.096698 -1.348373 
-0.320363 -1.735545 
1.584778 -0.282889 
-0.917227 -1.208962 
0.747851 -1.602999 
0.367722 -1.791486 
0.791010 -1.665092 
-0.901671 -1.450084 
-1.550566 -0.234551 
-1.027870 -1.247609 
-1.534933 -0.570254 
0.632688 -1.483893 
-1.104609 -1.388977 
0.077056 -1.700966 
1.690168 -0.684503 
0.371456 -1.707953 
1.408949 -0.887948 
1.228681 -1.458649 
-0.358869 -1.742476 
0.392168 -1.765914 
-1.560104 -0.450635 
1.444990 -0.624445 
-1.699314 -0.542972 
0.860439 -1.523346 
1.734938 -0.494017 
-0.226385 -1.653880 
1.620848 -0.186217 
-1.603176 -0.990389 
-1.715879 -0.489428 
-1.844881 -0.248347 
-0.373776 -1.826692 
-0.857893 -1.616520 
1.757181 -0.574882 
-1.773233 -0.784198 
-1.361686 -0.997240 
-1.764552 -0.393636 
1.036872 -1.241817 
-0.128213 -1.777051 
-0.854473 -1.527447 
-0.923797 -1.244380 
-1.357779 -1.213672 
1.447758 -1.207704 
-1.791145 -0.057825 
1.706350 -0.915041 
-0.595100 -1.677703 
0.983846 -1.158866 
0.825581 -1.291979 
0.348361 -1.533930 
1.526919 -1.082637 
1.446398 -0.529607 
0.138012 -1.778920 
-1.344563 -0.659369 
1.568226 -0.703089 
-1.426641 -1.192604 
1.836034 -0.057195 
0.084053 -1.653383 
1.724895 -0.769540 
1.423822 -1.043089 
-1.522781 -0.723548 
-0.019020 -1.557005 
1.678971 -0.131204 
-0.901859 -1.364831 
1.634653 -0.764018 
1.358793 -1.298014 
-1.539027 -0.670905 
-1.554622 -0.233160 
-0.601818 -1.506114 
1.345613 -0.941537 
1.623432 -0.447689 
-1.192303 -1.089609 
1.887235 -0.081715 
-0.238449 -1.606474 
-1.092555 -1.560634 
-0.648031 -1.839090 
1.063331 -1.298523 
1.358984 -1.333097 
0.692303 -1.679223 
0.035924 -1.781696 
0.885564 -1.591521 
0.367088 -1.697400 
-0.397953 -1.616761 
1.223788 -1.192922 
1.571925 -0.592938 
1.246313 -0.935875 
0.469287 -1.525814 
0.600224 -1.691880 
-1.270056 -1.009620 
1.730583 -0.354023 
-1.649240 -1.027260 
0.176964 -1.829092 
-0.179206 -1.511471 
0.517963 -1.733806 
-0.555554 -1.820841 
-0.861986 -1.630256 
1.226399 -1.160796 
1.369302 -1.337626 
-1.718445 -0.388723 
1.776606 -0.530017 
1.518582 -0.121733 
-1.527183 -0.959254 
1.644518 -0.301764 
-0.725332 -1.432865 
-0.151703 -1.653751 
-0.831137 -1.670106 
0.825207 -1.526447 
-1.503939 -0.817610 
1.229666 -0.945237 
0.916780 -1.606302 
1.563670 -0.770138 
1.261484 -0.862527 
0.115449 -1.886014 
1.451671 -0.427675 
1.796066 -0.016532 
-1.608897 -1.051500 
-0.319916 -1.615433 
0.248221 -1.653549 
-1.345084 -1.083137 
-0.302643 -1.559104 
